---- ENTRENAMIENTO ----
Accuracy: 0.9966345075162666
Precision: 0.9770867430441899
Recall: 0.9983277591973244
F1: 0.9875930521091811

---- TEST ----
Accuracy: 0.9883408071748879
Precision: 0.9857142857142858
Recall: 0.9261744966442953
F1: 0.9550173010380623

Matriz de confusión (test):
[[964   2]
 [ 11 138]]
