---- ENTRENAMIENTO ----
Accuracy: 0.9948736136187774
Precision: 0.99213217938631
Recall: 0.9970689678677082
F1: 0.9945944475797404

---- TEST ----
Accuracy: 0.9877224658240908
Precision: 0.9846429346646408
Recall: 0.9894754062602247
F1: 0.9870532557253985

Matriz de confusión (test):
[[20149   283]
 [  193 18145]]
