---- ENTRENAMIENTO ----
Accuracy: 0.9959614090195199
Precision: 0.9931972789115646
Recall: 0.9765886287625418
F1: 0.984822934232715

---- TEST ----
Accuracy: 0.9838565022421525
Precision: 0.9851851851851852
Recall: 0.8926174496644296
F1: 0.9366197183098591

Matriz de confusión (test):
[[964   2]
 [ 16 133]]
