---- ENTRENAMIENTO ----
Accuracy: 0.9789095804352703
Precision: 0.9960629921259843
Recall: 0.8461538461538461
F1: 0.9150090415913201

---- TEST ----
Accuracy: 0.9704035874439462
Precision: 1.0
Recall: 0.7785234899328859
F1: 0.8754716981132076

Matriz de confusión (test):
[[966   0]
 [ 33 116]]
