---- ENTRENAMIENTO ----
Accuracy: 0.9950219241681713
Precision: 0.9938222046836942
Recall: 0.9956647989857266
F1: 0.9947426485610384

---- TEST ----
Accuracy: 0.9876450864070158
Precision: 0.9867538838920686
Recall: 0.9871305485876323
F1: 0.986942180301502

Matriz de confusión (test):
[[20189   243]
 [  236 18102]]
